[[[  0   0  39]
  [  0   0  39]
  [  0   0  39]
  ...
  [  5 143 157]
  [  4 136 141]
  [  4 133 132]]

 [[  0   0  39]
  [  0   0  39]
  [  0   0  39]
  ...
  [  5 148 198]
  [  4 142 180]
  [  5 145 172]]

 [[  0   0  39]
  [  0   0  39]
  [  0   0  39]
  ...
  [  5 147 203]
  [  5 140 182]
  [  5 143 191]]

 ...

 [[  5 128 137]
  [  5 137 194]
  [  6 128 204]
  ...
  [  5 132 201]
  [  5 131 202]
  [  5 137 193]]

 [[  4 132 129]
  [  5 148 195]
  [  5 136 203]
  ...
  [  5 141 196]
  [  5 138 196]
  [  5 147 186]]

 [[  4 133 127]
  [  5 148 196]
  [  4 139 203]
  ...
  [  5 152 185]
  [  5 138 178]
  [  4 134 152]]]